QNET master file - format I                                                                                                                                                                                                                                                                                 
 Total Statistics: 
  1       4700.00          0.00          0.00          0.00          0.00       4700.00     - vehicle trips                    
  2       4700.00          0.00          0.00          0.00          0.00       4700.00     - person trips                     
  3      15060.79          0.00          0.00          0.00          0.00      15060.79     - vehicle-km                       
  4      15060.79          0.00          0.00          0.00          0.00      15060.79     - person-km                        
  5       9013.98          0.00          0.00          0.00          0.00       9013.98     - vehicle-stops                    
  6    1474174.75          0.00          0.00          0.00          0.00    1474174.75     - vehicle-secs                     
  7    1474174.75          0.00          0.00          0.00          0.00    1474174.75     - person-secs                      
  8     787040.31          0.00          0.00          0.00          0.00     787040.31     - total delay                      
  9     301795.47          0.00          0.00          0.00          0.00     301795.47     - stopped delay                    
 10     485244.50          0.00          0.00          0.00          0.00     485244.50     - accel/decel delay                
 11  254045088.00          0.00          0.00          0.00          0.00  254045088.00     - accel-noise                      
 12       2042.15          0.00          0.00          0.00          0.00       2042.15     - fuel (l)                         
 13       7148.17          0.00          0.00          0.00          0.00       7148.17     - HC (g)                           
 14     173727.20          0.00          0.00          0.00          0.00     173727.20     - CO (g)                           
 15       5850.49          0.00          0.00          0.00          0.00       5850.49     - NOx (g)                          
 16    4491305.50          0.00          0.00          0.00          0.00    4491305.50     - CO2 (g)                          
 17          0.00          0.00          0.00          0.00          0.00          0.00     - PM (g)                           
 18      43898.92          0.00          0.00          0.00          0.00      43898.92     - crashes*10e-6                    
 19      19479.13          0.00          0.00          0.00          0.00      19479.13     - injury crashes                   
 20        130.42          0.00          0.00          0.00          0.00        130.42     - fatal crashes                    
 21       1346.38          0.00          0.00          0.00          0.00       1346.38     - no damage                        
 22      28427.02          0.00          0.00          0.00          0.00      28427.02     - minor damage                     
 23       8304.52          0.00          0.00          0.00          0.00       8304.52     - moderate damage                  
 24          0.00          0.00          0.00          0.00          0.00          0.00     - dollars of toll                  
 
 Average Statistics: 
  1        1.0000        0.0000        0.0000        0.0000        0.0000        1.0000     - vehicle trips                    
  2        1.0000        0.0000        0.0000        0.0000        0.0000        1.0000     - person trips                     
  3        3.2044        0.0000        0.0000        0.0000        0.0000        3.2044     - vehicle-km                       
  4        3.2044        0.0000        0.0000        0.0000        0.0000        3.2044     - person-km                        
  5        1.9179        0.0000        0.0000        0.0000        0.0000        1.9179     - vehicle-stops                    
  6      313.6542        0.0000        0.0000        0.0000        0.0000      313.6542     - vehicle-secs                     
  7      313.6542        0.0000        0.0000        0.0000        0.0000      313.6542     - person-secs                      
  8      167.4554        0.0000        0.0000        0.0000        0.0000      167.4554     - total delay                      
  9       64.2118        0.0000        0.0000        0.0000        0.0000       64.2118     - stopped delay                    
 10      103.2435        0.0000        0.0000        0.0000        0.0000      103.2435     - accel/decel delay                
 11    54052.1445        0.0000        0.0000        0.0000        0.0000    54052.1445     - accel-noise                      
 12        0.4345        0.0000        0.0000        0.0000        0.0000        0.4345     - fuel (l)                         
 13        1.5209        0.0000        0.0000        0.0000        0.0000        1.5209     - HC (g)                           
 14       36.9632        0.0000        0.0000        0.0000        0.0000       36.9632     - CO (g)                           
 15        1.2448        0.0000        0.0000        0.0000        0.0000        1.2448     - NOx (g)                          
 16      955.5969        0.0000        0.0000        0.0000        0.0000      955.5969     - CO2 (g)                          
 17        0.0000        0.0000        0.0000        0.0000        0.0000        0.0000     - PM (g)                           
 18        9.3402        0.0000        0.0000        0.0000        0.0000        9.3402     - crashes*10e-6                    
 19        4.1445        0.0000        0.0000        0.0000        0.0000        4.1445     - injury crashes                   
 20        0.0277        0.0000        0.0000        0.0000        0.0000        0.0277     - fatal crashes                    
 21        0.2865        0.0000        0.0000        0.0000        0.0000        0.2865     - no damage                        
 22        6.0483        0.0000        0.0000        0.0000        0.0000        6.0483     - minor damage                     
 23        1.7669        0.0000        0.0000        0.0000        0.0000        1.7669     - moderate damage                  
 24        0.0000        0.0000        0.0000        0.0000        0.0000        0.0000     - dollars of toll                  
