INET Lane Striping File
 17
 1   15   3   010  010  010         11110  00000  00000
 2   17   4   010  010  010   001   11110  00000  00000  00000
 3   19   3   010  010  010         11110  00000  00000
 4   21   4   010  010  010   010   11110  00000  00000  00000
 5   23   3   010  010  010         11110  00000  00000
 6   25   4   010  010  010   001   11110  00000  00000  00000
 7   27   3   010  010  010         11110  00000  00000
 8   29   4   010  010  010   010   11110  00000  00000  00000
 9   31   3   010  010  010         11110  00000  00000
10   32   4   010  010  010   001   11110  00000  00000  00000
11   33   3   010  010  010         11110  00000  00000
12   34   4   010  010  010   010   11110  00000  00000  00000
13   35   3   010  010  010         11110  00000  00000
14  142   2   110  011              00000  00000
15   88   3   100  010  011         00000  00000  00000
16  125   2   110  011              00000  00000
17   81   3   100  010  011         00000  00000  00000
