QNET O-D Demand File
46   0   0   1.0
 1  10  5 2500   1.0    0  1800    1.0  0.0  0.0  0.0  0.0  0.0  1.0
 2   5 10 2500   1.0    0  1800    1.0  0.0  0.0  0.0  0.0  0.0  1.0
 3   4  1  100   1.0    0  1800    1.0  0.0  0.0  0.0  0.0  0.0  1.0
 4   4  2  100   1.0    0  1800    1.0  0.0  0.0  0.0  0.0  0.0  1.0
 5   4  3  100   1.0    0  1800    1.0  0.0  0.0  0.0  0.0  0.0  1.0
 7   4  5  100   1.0    0  1800    1.0  0.0  0.0  0.0  0.0  0.0  1.0
 8   4  6  100   1.0    0  1800    1.0  0.0  0.0  0.0  0.0  0.0  1.0
 9   4  7  100   1.0    0  1800    1.0  0.0  0.0  0.0  0.0  0.0  1.0
10   4  8  100   1.0    0  1800    1.0  0.0  0.0  0.0  0.0  0.0  1.0
11   4  9  100   1.0    0  1800    1.0  0.0  0.0  0.0  0.0  0.0  1.0
12   4 10  100   1.0    0  1800    1.0  0.0  0.0  0.0  0.0  0.0  1.0
13   1  2  100   1.0    0  1800    1.0  0.0  0.0  0.0  0.0  0.0  1.0
14   1  3  100   1.0    0  1800    1.0  0.0  0.0  0.0  0.0  0.0  1.0
15   1  4  100   1.0    0  1800    1.0  0.0  0.0  0.0  0.0  0.0  1.0
16   1  5  100   1.0    0  1800    1.0  0.0  0.0  0.0  0.0  0.0  1.0
17   1  6  100   1.0    0  1800    1.0  0.0  0.0  0.0  0.0  0.0  1.0
18   1  7  100   1.0    0  1800    1.0  0.0  0.0  0.0  0.0  0.0  1.0
19   1  8  100   1.0    0  1800    1.0  0.0  0.0  0.0  0.0  0.0  1.0
20   1  9  100   1.0    0  1800    1.0  0.0  0.0  0.0  0.0  0.0  1.0
21   1 10  100   1.0    0  1800    1.0  0.0  0.0  0.0  0.0  0.0  1.0
22   9  1  100   1.0    0  1800    1.0  0.0  0.0  0.0  0.0  0.0  1.0
23   9  2  100   1.0    0  1800    1.0  0.0  0.0  0.0  0.0  0.0  1.0
24   9  3  100   1.0    0  1800    1.0  0.0  0.0  0.0  0.0  0.0  1.0
25   9  4  100   1.0    0  1800    1.0  0.0  0.0  0.0  0.0  0.0  1.0
26   9  5  100   1.0    0  1800    1.0  0.0  0.0  0.0  0.0  0.0  1.0
27   9  6  100   1.0    0  1800    1.0  0.0  0.0  0.0  0.0  0.0  1.0
28   9  7  100   1.0    0  1800    1.0  0.0  0.0  0.0  0.0  0.0  1.0
29   9  8  100   1.0    0  1800    1.0  0.0  0.0  0.0  0.0  0.0  1.0
30   9 10  100   1.0    0  1800    1.0  0.0  0.0  0.0  0.0  0.0  1.0
31   6  1  100   1.0    0  1800    1.0  0.0  0.0  0.0  0.0  0.0  1.0
32   6  2  100   1.0    0  1800    1.0  0.0  0.0  0.0  0.0  0.0  1.0
33   6  3  100   1.0    0  1800    1.0  0.0  0.0  0.0  0.0  0.0  1.0
34   6  4  100   1.0    0  1800    1.0  0.0  0.0  0.0  0.0  0.0  1.0
35   6  5  100   1.0    0  1800    1.0  0.0  0.0  0.0  0.0  0.0  1.0
36   6  7  100   1.0    0  1800    1.0  0.0  0.0  0.0  0.0  0.0  1.0
37   6  8  100   1.0    0  1800    1.0  0.0  0.0  0.0  0.0  0.0  1.0
38   6  9  100   1.0    0  1800    1.0  0.0  0.0  0.0  0.0  0.0  1.0
39   6 10  100   1.0    0  1800    1.0  0.0  0.0  0.0  0.0  0.0  1.0
40   2  8  100   1.0    0  1800    1.0  0.0  0.0  0.0  0.0  0.0  1.0
41   2  7  100   1.0    0  1800    1.0  0.0  0.0  0.0  0.0  0.0  1.0
42   8  2  100   1.0    0  1800    1.0  0.0  0.0  0.0  0.0  0.0  1.0
43   8  3  100   1.0    0  1800    1.0  0.0  0.0  0.0  0.0  0.0  1.0
44   3  7  100   1.0    0  1800    1.0  0.0  0.0  0.0  0.0  0.0  1.0
45   3  8  100   1.0    0  1800    1.0  0.0  0.0  0.0  0.0  0.0  1.0
46   7  3  100   1.0    0  1800    1.0  0.0  0.0  0.0  0.0  0.0  1.0
47   7  2  100   1.0    0  1800    1.0  0.0  0.0  0.0  0.0  0.0  1.0
